json-data/2016040712.json
{"header": {"discipline":0,"disciplineName":"Meteorological products","gribEdition":2,"gribLength":77025,"center":7,"centerName":"US National Weather Service - NCEP(WMC)","subcenter":0,"refTime":"2016-04-07T12:00:00.000Z","significanceOfRT":1,"significanceOfRTName":"Start of forecast","productStatus":0,"productStatusName":"Operational products","productType":1,"productTypeName":"Forecast products","productDefinitionTemplate":0,"productDefinitionTemplateName":"Analysis/forecast at horizontal level/layer at a point in time","parameterCategory":2,"parameterCategoryName":"Momentum","parameterNumber":2,"parameterNumberName":"U-component_of_wind","parameterUnit":"m.s-1","genProcessType":2,"genProcessTypeName":"Forecast","forecastTime":0,"surface1Type":103,"surface1TypeName":"Specified height level above ground","surface1Value":10.0,"surface2Type":255,"surface2TypeName":"Missing","surface2Value":0.0,"gridDefinitionTemplate":0,"gridDefinitionTemplateName":"Latitude_Longitude","numberPoints":65160,"shape":6,"shapeName":"Earth spherical with radius of 6,371,229.0 m","gridUnits":"degrees","resolution":48,"winds":"true","scanMode":0,"nx":360,"ny":181,"basicAngle":0,"subDivisions":0,"lo1":0.0,"la1":90.0,"lo2":359.0,"la2":-90.0,"dx":1.0,"dy":1.0}, "data":
[rows 140 to 174 of 181, columns 0 to 79 of 360]
0.94,1.24,1.87,2.45,2.46,2.56,3.5,4.28,4.78,5.01,4.9,4.68,4.62,4.83,4.9,4.7,4.24,4.04,4.16,4.39,4.19,3.79,3.51,3.41,3.4,3.49,3.69,4.0,4.14,4.33,4.52,4.88,4.93,5.09,5.27,5.29,5.34,5.45,5.79,5.95,6.08,6.52,7.02,7.3,7.01,4.27,4.31,5.42,3.52,1.52,-0.21,-1.03,-2.13,-3.39,-4.08,-4.61,-5.18,-5.19,-2.0,1.76,2.54,2.79,3.33,4.26,5.05,6.02,6.63,6.52,6.63,8.23,8.47,7.3,8.08,8.12,7.97,8.31,9.05,9.86,9.95,10.14
4.37,4.67,4.91,5.11,5.3,4.72,5.19,5.56,5.62,5.63,5.82,6.12,6.27,6.45,6.64,6.72,6.64,6.47,6.3,6.24,6.1,6.07,5.99,6.05,6.03,5.89,5.8,5.74,5.76,5.67,5.88,5.84,5.53,5.38,5.37,5.46,5.47,5.55,5.57,5.86,6.51,6.87,7.19,7.59,7.63,7.26,5.14,5.08,6.5,6.58,4.34,2.58,1.05,0.16,-1.15,-2.81,-3.82,-4.24,-4.21,-4.89,-5.1,-2.27,2.36,5.5,5.91,6.03,6.52,7.43,8.37,8.48,9.13,8.83,7.45,6.85,6.95,7.11,7.8,8.2,8.38,9.08
6.81,6.99,6.57,7.14,7.91,8.37,8.55,8.69,7.77,7.48,7.72,7.52,7.44,7.78,8.01,8.24,8.31,8.13,8.03,7.87,7.76,7.85,7.8,7.54,7.57,7.55,7.48,7.41,7.46,7.52,7.4,7.19,6.91,6.66,6.54,6.5,6.7,7.07,7.53,7.89,8.07,8.22,8.01,8.04,7.83,7.1,7.05,6.01,5.66,7.36,8.99,8.59,6.63,4.54,2.9,1.7,0.44,-1.07,-2.32,-3.09,-3.45,-3.04,-2.79,-3.16,-3.94,-3.72,-2.33,-0.64,0.7,1.57,1.75,1.65,0.8,0.5,0.37,0.88,1.92,3.16,4.33,4.91
7.91,8.29,8.16,9.04,9.47,9.38,8.93,9.5,10.33,10.55,10.01,9.31,9.13,9.45,9.91,10.13,10.17,10.14,10.16,10.25,10.36,10.41,10.39,10.39,10.34,10.21,9.99,9.91,9.72,9.81,9.45,9.08,8.76,8.72,8.72,9.0,9.31,9.54,9.71,10.07,10.5,10.48,10.02,9.63,9.38,8.4,7.85,7.56,8.43,7.96,8.65,9.92,10.29,9.67,8.1,6.29,4.75,3.68,2.91,2.11,1.34,0.19,-1.07,-2.59,-3.38,-3.99,-4.01,-3.93,-3.86,-3.57,-3.2,-3.03,-2.57,-1.69,0.06,2.16,3.5,4.48,4.71,4.78
9.42,9.76,10.34,10.55,10.76,10.87,10.6,10.18,10.47,10.88,11.61,12.21,12.56,12.69,12.82,12.94,12.92,12.85,12.97,13.19,13.31,13.41,13.46,13.5,13.51,13.48,13.47,13.2,12.78,13.51,13.17,12.71,12.2,12.08,12.29,12.62,12.66,12.84,12.91,12.62,12.32,12.09,12.34,11.76,10.74,10.39,10.41,10.32,9.56,9.35,9.36,9.17,9.65,10.47,10.61,10.3,9.58,8.54,7.67,6.95,6.34,5.7,4.92,4.04,3.07,2.28,1.89,1.54,1.61,1.89,2.42,3.12,4.04,5.07,6.02,6.74,7.45,7.47,7.78,8.13
10.6,10.7,11.02,11.38,11.61,11.76,11.81,11.99,12.58,13.12,13.54,13.96,14.45,14.75,15.33,15.86,16.19,16.21,16.31,16.53,16.6,16.54,16.61,16.71,16.74,16.73,16.6,16.8,17.03,16.81,16.39,16.06,15.88,15.69,15.52,15.46,15.4,15.28,14.98,14.44,13.36,13.02,12.75,12.62,12.39,12.1,11.88,11.55,11.03,10.63,10.11,9.67,9.63,10.42,11.07,12.23,12.55,12.42,11.99,11.41,10.81,10.12,9.61,9.03,8.43,7.95,7.38,6.95,6.96,7.18,7.73,8.24,8.53,8.69,8.46,8.46,9.4,10.09,10.18,10.44
11.6,11.86,12.13,12.61,13.01,13.42,13.89,14.35,14.9,15.36,15.77,16.13,16.52,16.94,17.39,17.79,17.91,18.06,18.36,18.64,18.59,18.63,18.74,18.94,18.96,18.85,18.79,18.85,18.75,18.53,18.38,18.18,17.93,17.55,17.07,16.59,16.24,15.9,15.21,14.64,14.15,13.68,13.29,13.02,12.74,12.67,12.43,12.17,11.68,11.2,11.02,11.11,11.17,11.19,11.94,12.66,13.31,14.1,14.51,14.42,14.15,13.39,12.45,11.65,11.06,10.67,10.39,10.55,10.61,10.77,11.14,11.02,10.65,10.62,10.34,10.71,11.01,10.71,10.67,11.14
12.8,13.29,13.51,13.87,14.44,15.1,15.5,15.9,16.25,16.65,17.05,17.48,17.94,18.4,18.84,19.39,19.8,20.11,20.26,20.3,20.17,19.88,19.63,19.58,19.54,19.21,18.99,19.12,19.51,19.76,19.64,19.46,19.11,18.57,18.12,17.71,17.23,16.69,16.04,15.43,14.92,14.66,14.3,13.95,13.71,13.62,13.46,13.15,12.74,12.49,12.3,12.38,12.53,12.62,12.69,12.92,13.49,13.96,14.31,15.03,15.25,15.17,14.83,14.46,14.01,13.58,13.12,12.74,12.44,12.16,11.8,11.6,11.32,11.33,11.06,10.54,10.51,10.88,11.48,12.28
13.14,13.68,14.06,14.46,14.95,15.28,15.63,16.06,16.24,16.87,17.25,17.82,18.56,19.38,20.19,20.93,21.48,21.51,21.55,21.46,21.3,20.97,20.67,20.46,20.28,20.12,19.62,19.28,19.18,18.97,18.71,18.32,17.77,17.1,16.38,15.85,15.43,15.08,14.91,14.9,14.96,14.9,14.58,14.24,13.92,13.63,13.45,13.28,13.24,13.24,13.13,13.08,12.93,12.83,12.92,12.98,13.07,13.29,13.63,14.23,14.65,14.99,15.41,15.59,15.37,15.06,14.78,14.36,13.91,13.3,12.73,12.08,11.68,11.46,11.7,11.84,12.26,12.92,13.46,13.78
12.81,13.14,13.47,14.0,14.68,15.07,15.61,15.94,16.21,16.48,17.35,18.63,19.95,20.96,21.85,22.41,22.75,23.0,22.76,22.3,21.8,21.38,21.07,20.83,20.51,20.28,20.05,19.88,19.51,19.22,19.03,18.87,18.51,17.93,17.42,17.03,16.7,16.44,16.24,15.94,15.59,15.11,14.73,14.34,14.01,13.64,13.36,13.05,12.92,12.78,13.03,13.38,13.41,13.21,12.95,12.94,12.99,13.18,13.56,13.93,14.32,14.89,14.96,15.16,15.05,14.74,14.1,13.59,13.21,13.15,12.94,12.89,12.71,12.71,13.0,13.6,13.93,14.16,14.28,14.08
12.22,12.25,12.74,13.55,14.07,14.55,14.73,15.23,15.84,16.53,17.28,18.07,18.57,18.57,18.46,18.6,19.04,19.81,20.58,20.98,20.91,20.67,20.45,20.16,19.97,19.56,19.17,18.81,18.34,17.88,17.46,17.12,16.83,16.62,16.53,16.47,16.83,17.21,16.95,16.47,16.3,15.85,14.91,14.52,14.83,15.22,15.52,15.45,15.02,13.98,13.19,13.24,13.24,13.2,12.63,12.12,11.97,12.14,12.79,13.32,13.67,13.95,13.93,13.71,13.3,12.88,12.57,12.34,12.36,12.64,12.99,13.24,13.29,13.14,13.24,13.56,13.43,13.28,14.19,14.58
11.61,11.62,12.08,13.18,13.54,14.19,14.72,15.06,15.48,15.79,16.0,15.97,16.0,16.18,16.15,15.88,15.35,14.74,14.5,14.79,15.7,16.7,17.46,17.87,17.93,17.68,17.54,17.43,17.42,17.44,17.39,17.35,17.11,16.79,16.38,15.79,15.04,14.27,13.92,13.65,13.25,12.78,12.34,11.95,10.91,10.26,10.5,11.27,12.28,13.53,14.35,14.6,13.18,11.58,11.73,12.26,12.92,13.09,12.43,11.86,11.96,12.3,12.29,11.97,11.53,11.28,11.15,11.26,11.63,11.67,12.04,12.36,12.32,12.09,11.85,11.84,12.39,11.77,10.54,11.59
10.93,11.05,11.65,12.23,13.07,13.73,13.78,14.35,14.77,14.82,14.92,15.01,14.84,14.87,15.04,14.81,14.22,13.46,13.0,12.88,12.81,13.04,13.73,14.62,15.38,15.8,15.92,15.93,15.81,15.6,15.46,15.49,15.77,15.45,14.99,14.57,14.63,14.01,13.36,12.77,12.31,12.05,11.87,11.59,11.19,11.06,11.61,12.2,11.9,11.02,10.86,10.87,11.05,11.25,11.99,12.54,13.05,13.24,13.04,12.69,12.49,12.49,12.61,12.74,12.58,12.27,12.09,11.97,11.68,11.35,11.01,10.93,11.07,11.32,10.29,8.42,8.45,10.2,11.64,12.52
9.84,10.0,10.69,11.45,12.12,12.76,13.22,13.69,14.16,14.43,13.77,12.84,12.63,13.04,13.34,13.12,12.72,12.55,12.95,13.54,14.03,14.01,13.57,13.16,12.87,12.64,12.38,12.03,11.85,11.99,11.7,11.18,10.99,11.2,11.61,11.71,11.61,11.49,11.52,11.37,11.26,11.38,11.63,11.44,10.43,9.3,9.39,9.69,9.84,9.28,8.06,8.56,10.23,11.19,12.25,13.45,14.41,15.15,14.82,14.33,14.39,14.46,14.48,14.35,13.78,12.82,11.76,10.52,9.54,9.19,9.18,8.89,6.91,5.83,7.18,8.97,10.04,11.25,12.06,12.15
8.05,8.51,9.63,10.61,11.3,11.9,12.51,13.03,11.27,9.49,9.9,10.75,11.33,11.57,11.11,10.66,10.78,11.0,11.33,11.94,12.76,13.45,13.64,13.11,11.95,10.74,9.66,9.16,8.89,8.4,7.83,7.63,7.92,8.18,8.52,9.1,9.2,8.85,8.66,8.76,9.07,9.19,8.71,8.44,8.44,8.54,8.28,8.1,8.71,8.09,7.64,10.21,11.88,10.03,7.46,7.57,9.75,13.01,15.35,16.0,15.19,14.07,13.44,10.64,7.1,4.97,3.5,2.52,1.11,-0.53,-0.75,0.65,2.83,5.12,7.13,8.42,9.35,9.77,10.25,10.22
6.22,7.68,8.88,9.58,10.39,11.33,9.87,7.39,8.04,8.33,8.44,8.9,8.98,7.82,6.79,6.93,6.69,6.64,7.06,6.77,5.93,5.25,5.46,6.42,7.17,7.08,6.46,5.66,5.33,5.4,6.01,6.73,6.73,6.55,6.52,6.14,5.89,6.13,6.43,6.55,6.43,6.57,7.52,8.53,8.52,7.06,4.77,3.69,6.44,6.43,-4.06,-10.03,-7.82,-7.41,-7.64,-8.29,-7.6,-8.02,-9.86,-11.12,-11.48,-11.36,-10.98,-9.69,-9.22,-9.29,-9.03,-7.89,-6.58,-5.4,-4.08,-2.73,-0.59,1.18,2.96,4.78,5.5,7.0,7.9,7.89
5.63,7.06,7.73,8.99,8.96,6.34,6.45,6.77,6.25,6.09,6.57,6.3,5.23,4.36,3.87,3.6,3.11,2.52,1.57,0.73,0.26,-0.11,-0.87,-1.48,-1.05,0.12,1.79,3.18,3.15,2.73,2.56,2.52,2.64,2.42,2.18,2.55,3.07,3.32,3.35,2.45,1.32,1.33,2.03,2.53,2.55,2.4,1.58,-2.76,-7.83,-6.57,-5.04,-3.89,-1.47,-1.58,-4.48,-7.07,-6.78,-5.38,-5.28,-5.63,-7.05,-7.72,-7.87,-7.67,-7.21,-6.54,-5.83,-4.81,-3.6,-2.48,-1.72,-0.91,0.48,1.89,3.26,4.49,5.73,7.09,7.65,8.57
4.73,5.82,7.04,5.43,3.89,5.0,5.08,4.62,3.82,3.82,3.15,1.72,1.43,1.14,1.33,1.24,0.98,0.45,-0.28,-1.16,-1.99,-2.73,-3.6,-4.32,-4.66,-4.66,-4.48,-4.1,-3.53,-2.96,-2.32,-1.61,-0.97,-0.6,-1.11,-2.2,-2.71,-2.55,-2.99,-5.12,-8.2,-10.85,-11.7,-10.87,-8.49,-7.55,-6.75,-5.06,-3.13,-1.63,-0.19,-0.26,-0.65,-1.11,-0.15,3.59,4.57,-0.2,-4.08,-3.74,-3.82,-4.27,-4.25,-3.59,-2.43,-1.4,-0.63,0.47,1.57,2.48,3.39,3.22,2.97,3.95,5.31,6.73,7.08,7.05,7.21,7.14
3.56,2.85,0.26,0.42,2.06,2.76,2.12,1.15,1.44,1.52,0.38,-0.39,-1.43,-2.19,-2.42,-3.64,-4.7,-5.17,-4.63,-4.19,-4.47,-4.82,-4.79,-4.72,-4.96,-5.46,-5.83,-5.75,-5.49,-5.92,-7.14,-7.84,-6.24,-3.11,-2.5,-4.57,-7.88,-11.3,-12.56,-12.12,-11.36,-9.68,-9.56,-9.16,-7.98,-8.41,-6.08,-6.22,2.26,-1.9,-4.5,-5.0,-3.29,-3.73,-1.19,2.35,-0.05,-1.99,0.46,-0.33,-3.74,-2.16,-1.45,-1.38,-1.42,-1.72,-0.21,-0.27,-0.36,0.0,1.11,2.88,5.19,6.28,6.68,6.4,5.91,4.71,4.21,4.22
-2.17,-3.0,-2.17,-1.6,-1.65,-1.85,-1.89,-2.13,-3.04,-3.39,-2.87,-2.81,-3.2,-2.98,-2.8,-4.49,-5.66,-6.55,-7.08,-6.75,-7.16,-7.93,-8.27,-8.36,-8.3,-8.19,-8.22,-8.72,-9.12,-8.85,-6.97,-8.24,-15.53,-15.85,-9.55,-9.27,-8.86,-7.7,-6.92,-4.98,-5.83,-8.78,-8.42,-7.59,-7.33,-7.3,-6.96,-5.07,-3.81,-4.02,-5.33,-5.63,-5.24,-4.08,-1.58,-2.07,-2.38,-2.1,0.12,2.08,1.69,0.87,0.48,1.59,1.8,2.79,3.69,4.49,5.79,4.82,4.27,5.08,5.57,5.89,5.38,4.45,3.25,0.9,-5.25,-10.03
-3.89,-2.13,-1.77,-2.85,-3.48,-4.27,-3.59,-2.86,-2.44,-1.51,-1.31,-1.44,-1.49,-1.43,-0.68,-2.39,-4.23,-2.97,-3.79,-4.72,-4.09,-5.82,-8.35,-8.78,-9.43,-8.12,-7.86,-5.94,-6.48,-7.33,-7.99,-6.99,-7.06,-14.31,-14.3,-9.95,-9.51,-6.32,-2.48,-1.67,-5.32,-7.26,-6.73,-7.36,-7.05,-6.49,-6.31,-5.4,-3.47,-4.3,-6.12,-6.29,-5.46,-4.79,-4.21,-2.98,-1.88,-0.62,0.66,1.47,1.77,2.66,5.27,6.74,8.33,9.65,9.14,7.86,5.2,4.33,3.97,3.35,4.44,0.35,-6.15,-6.42,-7.03,-9.68,-10.85,-11.12
-0.99,-1.93,-2.84,-2.71,-2.05,-1.56,-1.13,-1.67,-2.24,-0.23,0.65,1.47,1.69,-1.28,-2.68,-2.09,-2.9,-4.31,-3.52,-1.26,-1.12,-2.73,-6.12,-9.77,-11.34,-10.15,-9.34,-9.69,-10.51,-11.19,-11.21,-10.99,-11.38,-11.54,-11.17,-11.79,-12.27,-10.62,-8.39,-8.61,-9.8,-9.78,-9.0,-8.56,-7.93,-6.8,-6.21,-5.94,-5.55,-5.38,-5.55,-5.45,-4.85,-4.01,-3.26,-2.1,-0.11,1.95,3.61,4.72,5.55,6.58,7.59,9.55,10.69,10.67,10.98,12.29,10.96,5.69,3.13,2.82,-1.5,-6.13,-7.55,-7.51,-8.26,-8.77,-8.98,-9.3
-1.72,-1.86,-1.02,-1.13,-0.97,-0.15,-0.1,0.74,-0.53,-2.33,-1.85,-2.49,-1.06,2.25,-1.61,-2.92,-4.34,-4.51,-2.84,-2.32,-3.12,-2.04,-1.54,-0.89,-1.08,-1.64,-2.48,-7.28,-8.89,-6.28,-5.96,-7.96,-7.93,-7.97,-8.4,-10.78,-12.01,-8.91,-7.65,-7.75,-7.9,-8.07,-7.97,-7.8,-7.22,-6.72,-6.24,-6.1,-6.01,-5.85,-5.86,-5.13,-3.78,-2.05,-0.35,1.09,2.41,4.0,5.29,5.99,6.26,6.6,7.5,8.47,9.58,10.89,12.33,11.55,7.52,5.62,1.11,-4.56,-6.82,-7.68,-8.04,-8.5,-10.06,-10.43,-9.61,-9.7
0.07,-1.29,-2.55,-2.6,-1.74,-0.59,-0.04,-0.42,-1.44,-2.37,-2.97,-3.24,-3.16,-2.28,-0.98,-0.36,-1.42,-2.18,-3.61,-4.86,-5.67,-7.02,-8.09,-7.52,-8.18,-8.8,-3.55,-0.55,-3.17,-5.25,-6.54,-8.49,-8.17,-7.33,-8.04,-9.32,-9.17,-8.04,-7.07,-6.58,-6.52,-6.59,-6.67,-6.27,-5.77,-5.63,-5.59,-5.7,-5.53,-5.07,-4.19,-2.88,-1.46,-0.26,0.69,1.69,2.92,4.18,5.33,6.48,7.36,7.73,6.85,6.73,7.7,8.6,9.32,5.88,-2.5,-2.86,-3.74,-7.11,-7.38,-7.6,-9.13,-11.43,-10.72,-9.54,-9.23,-8.63
0.66,-0.26,-1.8,-2.27,-2.03,-1.59,-0.94,-0.32,0.12,0.31,0.21,-0.09,-0.51,-0.96,-1.51,-1.97,-2.32,-2.66,-2.94,-3.24,-3.64,-4.03,-4.39,-4.7,-4.84,-4.52,-3.57,-2.92,-3.21,-4.0,-4.5,-5.33,-6.75,-6.96,-6.23,-6.34,-6.69,-6.98,-6.91,-6.42,-5.87,-5.52,-5.35,-5.13,-4.87,-4.56,-4.35,-4.2,-3.87,-3.15,-2.29,-1.25,-0.23,0.67,1.54,2.49,3.45,4.1,4.5,4.22,3.35,2.89,2.29,1.57,1.88,2.49,-1.56,-6.36,-7.22,-6.48,-6.86,-7.5,-7.6,-7.51,-8.29,-10.19,-11.12,-10.0,-8.55,-7.48
0.23,0.11,-0.42,-0.78,-0.87,-0.61,-0.19,0.18,0.61,1.0,1.36,1.59,1.66,1.6,1.42,1.13,0.64,-0.03,-0.87,-1.74,-2.46,-2.99,-3.32,-3.55,-3.67,-3.66,-3.52,-3.4,-3.33,-3.34,-3.6,-3.92,-4.22,-4.55,-4.8,-4.91,-5.24,-5.55,-5.49,-5.13,-4.73,-4.39,-3.98,-3.61,-3.32,-3.04,-2.7,-2.33,-1.81,-1.22,-0.67,0.13,0.88,1.68,1.84,1.62,1.82,0.95,0.08,0.45,0.25,-0.67,-1.48,-2.96,-4.61,-5.65,-6.77,-7.61,-7.36,-7.53,-8.17,-8.25,-8.01,-7.61,-8.6,-10.19,-10.4,-9.18,-7.62,-6.77
0.38,0.43,0.53,0.73,0.96,1.01,1.02,1.09,1.15,1.26,1.42,1.54,1.77,1.77,1.65,1.63,1.63,1.67,1.66,1.5,1.35,1.19,1.04,0.92,0.75,0.48,0.05,-0.56,-1.23,-1.87,-2.45,-2.83,-3.07,-3.2,-3.24,-3.32,-3.38,-3.24,-2.97,-2.57,-2.22,-1.96,-1.5,-1.07,-0.81,-0.55,-0.3,-0.04,0.28,0.52,0.74,1.18,1.23,1.12,1.38,1.37,1.12,1.0,0.64,-0.11,-0.56,-0.11,0.02,-0.56,-1.8,-4.08,-6.13,-7.15,-7.94,-8.42,-8.47,-8.38,-8.36,-8.28,-8.16,-8.1,-7.8,-7.35,-6.54,-6.36
-0.23,0.16,0.57,1.02,1.3,1.28,1.18,1.2,1.25,1.15,1.04,1.08,1.25,1.36,1.28,1.26,1.52,1.73,1.79,1.81,1.85,1.93,2.04,2.18,2.3,2.36,2.41,2.46,2.52,2.6,2.58,2.38,2.14,1.92,1.72,1.51,1.36,1.33,1.38,1.47,1.57,1.71,1.85,1.93,2.01,2.18,2.23,2.23,2.28,2.31,2.22,2.11,1.99,1.92,2.0,1.92,1.72,1.56,1.62,1.69,1.46,0.57,-0.4,-1.39,-2.71,-4.13,-5.19,-5.91,-6.6,-6.98,-6.74,-6.32,-6.7,-6.86,-6.16,-5.82,-5.79,-5.65,-5.99,-6.37
0.02,0.44,0.7,0.65,0.48,0.56,0.66,0.61,0.57,0.6,0.63,0.74,0.87,1.01,1.19,1.39,1.54,1.78,2.05,2.16,2.3,2.54,2.66,2.72,2.8,2.95,3.07,3.11,3.36,3.59,3.65,3.8,3.88,3.74,3.68,3.79,3.93,4.01,4.14,4.32,4.48,4.61,4.67,4.55,4.32,4.24,4.16,3.93,3.72,3.58,3.38,3.08,2.9,2.77,2.48,2.12,1.84,1.58,1.08,0.44,-0.17,-0.93,-1.79,-2.43,-2.82,-3.26,-3.62,-3.61,-3.56,-3.79,-4.13,-4.16,-3.97,-3.95,-4.34,-5.08,-5.59,-5.53,-5.39,-5.63
0.3,0.26,0.09,-0.15,-0.3,-0.19,-0.01,0.15,0.27,0.26,0.39,0.76,1.21,1.48,1.6,1.77,1.94,2.02,2.09,2.31,2.7,3.02,3.19,3.26,3.34,3.52,3.73,3.88,3.98,4.1,4.27,4.49,4.62,4.64,4.58,4.54,4.55,4.68,4.76,4.76,4.8,4.98,5.16,5.27,5.32,5.27,5.18,5.03,4.88,4.75,4.54,4.28,4.02,3.74,3.45,3.13,2.79,2.46,2.06,1.58,1.16,0.81,0.45,0.05,-0.3,-0.68,-1.17,-1.6,-1.76,-1.83,-2.04,-2.26,-2.29,-2.16,-2.12,-2.12,-1.86,-1.36,-1.16,-1.34
-0.51,-0.6,-0.52,-0.27,-0.02,0.14,0.28,0.47,0.82,1.32,1.84,2.18,2.31,2.31,2.33,2.43,2.57,2.74,2.93,3.12,3.33,3.49,3.58,3.7,3.87,4.11,4.33,4.43,4.48,4.59,4.77,4.89,4.92,4.95,5.02,5.12,5.17,5.13,5.13,5.19,5.28,5.34,5.36,5.41,5.51,5.67,5.88,6.07,6.14,5.93,5.59,5.29,5.06,4.89,4.73,4.54,4.34,4.17,4.03,3.88,3.74,3.61,3.49,3.38,3.38,3.39,3.26,3.12,3.06,3.06,3.05,2.98,2.85,2.69,2.53,2.46,2.76,3.52,4.24,4.56
-0.41,-0.08,0.45,1.03,1.51,1.9,2.29,2.69,3.01,3.19,3.2,3.11,3.0,2.96,2.95,3.01,3.18,3.38,3.62,3.82,3.95,4.02,4.11,4.29,4.49,4.59,4.63,4.71,4.86,5.0,5.13,5.3,5.38,5.32,5.26,5.35,5.5,5.54,5.49,5.42,5.43,5.49,5.49,5.5,5.58,5.75,5.94,6.03,6.05,6.09,6.16,6.16,6.05,5.86,5.6,5.33,5.12,4.96,4.86,4.83,4.85,4.92,4.99,5.07,5.13,5.14,5.12,5.1,5.08,5.04,5.03,5.03,5.1,5.39,5.93,6.54,6.96,7.25,7.39,7.37
-0.56,-0.21,0.08,0.23,0.34,0.56,0.95,1.33,1.56,1.65,1.71,1.82,1.99,2.17,2.37,2.56,2.73,2.88,3.03,3.19,3.29,3.35,3.36,3.47,3.77,4.3,4.83,5.17,5.2,5.04,4.83,4.73,4.79,5.0,5.21,5.31,5.31,5.25,5.29,5.51,5.79,5.94,5.85,5.6,5.35,5.26,5.35,5.49,5.6,5.61,5.62,5.62,5.62,5.56,5.44,5.21,4.97,4.8,4.72,4.75,4.84,5.03,5.26,5.5,5.71,5.9,6.09,6.19,6.26,6.32,6.45,6.73,7.23,7.83,8.42,8.85,9.08,9.18,9.17,9.1
-2.36,-1.88,-1.4,-0.95,-0.55,-0.22,0.03,0.25,0.49,0.74,0.97,1.16,1.28,1.36,1.44,1.53,1.65,1.79,1.94,2.08,2.19,2.31,2.47,2.7,2.94,3.19,3.44,3.71,4.03,4.35,4.6,4.65,4.57,4.4,4.25,4.18,4.2,4.3,4.53,4.84,5.16,5.44,5.54,5.45,5.26,5.01,4.82,4.73,4.72,4.81,4.97,5.15,5.31,5.48,5.54,5.54,5.52,5.55,5.57,5.69,5.83,6.03,6.26,6.55,6.8,7.08,7.39,7.58,7.75,7.87,8.0,8.11,8.26,8.47,8.62,8.69,8.71,8.63,8.54,8.44
-1.67,-1.4,-1.09,-0.74,-0.37,-0.04,0.24,0.45,0.62,0.75,0.89,1.05,1.23,1.43,1.64,1.84,2.0,2.14,2.26,2.39,2.53,2.66,2.77,2.85,2.92,2.99,3.08,3.2,3.36,3.57,3.76,3.87,3.79,3.59,3.31,3.14,3.19,3.5,3.98,4.57,5.18,5.71,6.12,6.31,6.27,6.02,5.63,5.22,4.93,4.76,4.77,4.88,5.07,5.27,5.5,5.75,5.98,6.18,6.33,6.51,6.69,6.87,7.06,7.27,7.47,7.67,7.87,8.04,8.18,8.25,8.26,8.23,8.15,8.07,7.96,7.86,7.81,7.78,7.74,7.74
