json-data/2016040712.json
{"header": {"discipline":0,"disciplineName":"Meteorological products","gribEdition":2,"gribLength":76803,"center":7,"centerName":"US National Weather Service - NCEP(WMC)","subcenter":0,"refTime":"2016-04-07T12:00:00.000Z","significanceOfRT":1,"significanceOfRTName":"Start of forecast","productStatus":0,"productStatusName":"Operational products","productType":1,"productTypeName":"Forecast products","productDefinitionTemplate":0,"productDefinitionTemplateName":"Analysis/forecast at horizontal level/layer at a point in time","parameterCategory":2,"parameterCategoryName":"Momentum","parameterNumber":3,"parameterNumberName":"V-component_of_wind","parameterUnit":"m.s-1","genProcessType":2,"genProcessTypeName":"Forecast","forecastTime":0,"surface1Type":103,"surface1TypeName":"Specified height level above ground","surface1Value":10.0,"surface2Type":255,"surface2TypeName":"Missing","surface2Value":0.0,"gridDefinitionTemplate":0,"gridDefinitionTemplateName":"Latitude_Longitude","numberPoints":65160,"shape":6,"shapeName":"Earth spherical with radius of 6,371,229.0 m","gridUnits":"degrees","resolution":48,"winds":"true","scanMode":0,"nx":360,"ny":181,"basicAngle":0,"subDivisions":0,"lo1":0.0,"la1":90.0,"lo2":359.0,"la2":-90.0,"dx":1.0,"dy":1.0}, "data":
[rows 108 to 143 of 181, columns 80 to 159 of 360]
-0.28,-0.14,-0.02,0.24,0.6,0.86,1.11,1.14,1.28,1.69,2.48,3.23,4.04,4.82,5.36,5.7,5.88,5.8,5.5,5.47,5.55,5.78,5.32,5.36,5.17,4.48,3.78,3.05,1.94,1.54,1.26,0.64,-0.34,-0.1,0.32,0.25,-0.02,-0.12,0.05,0.99,2.42,3.59,4.19,-2.69,-3.11,-1.3,-0.35,-1.46,-1.66,0.23,-1.82,-1.23,-1.83,0.66,3.56,1.59,-0.07,-0.11,-2.2,-2.19,-1.76,-1.17,1.0,1.74,1.78,1.44,1.7,1.83,2.39,3.5,4.46,5.06,5.03,4.91,4.51,4.22,3.92,3.81,3.59,3.07
-0.31,0.0,0.21,0.46,0.99,1.25,1.27,1.0,1.26,1.86,2.63,3.49,4.28,4.84,5.07,5.12,5.04,5.19,5.49,5.67,6.03,6.34,6.14,6.07,6.07,5.63,4.97,4.24,2.86,1.95,1.31,1.51,-0.43,-1.22,-1.0,-1.13,-1.5,-1.66,-2.23,-2.15,0.18,4.92,4.44,3.81,-2.04,-2.19,-0.4,-0.97,-0.3,-0.25,-0.66,-2.89,-2.76,-0.55,1.4,3.75,0.87,0.57,0.69,1.95,2.5,1.37,-0.38,-1.15,0.04,-0.59,-0.78,2.48,3.03,4.29,4.75,4.59,4.27,4.13,4.27,3.89,4.04,3.6,3.44,3.86
-0.23,-0.14,0.42,1.0,1.31,1.64,1.74,1.62,1.61,2.06,2.83,3.36,3.85,3.93,4.06,4.28,4.56,4.95,5.37,5.52,5.88,6.31,6.51,5.92,5.41,5.02,4.98,4.32,3.38,2.81,2.28,1.46,-0.27,-2.42,-2.65,-2.97,-3.41,-3.56,-4.36,-2.09,-0.04,2.66,5.03,6.26,1.83,-3.44,-2.58,-0.54,-0.26,0.32,-2.71,-1.16,-5.27,-3.26,-0.95,2.75,1.25,2.24,0.94,2.32,1.86,3.51,3.13,-0.18,-2.37,-1.56,-1.69,-0.81,2.51,5.06,4.61,4.12,4.11,4.14,4.53,4.85,5.03,4.9,4.64,4.19
-0.76,-0.53,0.06,1.0,1.42,1.69,1.96,1.88,1.72,1.74,2.13,2.68,3.49,4.22,4.08,4.32,4.43,4.47,4.65,4.92,5.16,5.31,5.91,6.56,6.38,5.9,5.22,4.74,3.99,2.7,1.44,0.18,-1.14,-2.85,-3.78,-3.67,-4.17,-3.48,-1.04,3.91,2.69,3.88,5.3,7.27,7.86,8.28,6.61,0.66,2.84,3.61,3.47,2.6,2.36,-3.25,-3.68,-1.66,2.93,1.15,0.45,0.14,1.89,1.7,2.05,1.69,0.8,-1.69,-2.37,-1.71,0.1,2.5,3.71,3.56,3.7,4.67,5.27,5.86,5.79,5.6,5.29,4.86
-0.34,-0.09,0.02,0.62,0.87,1.21,1.59,1.5,1.4,1.07,1.26,2.13,3.03,3.4,3.62,3.87,4.34,4.2,4.22,4.31,4.59,5.08,5.42,5.63,6.23,6.09,6.34,5.25,3.54,2.0,-0.21,-2.47,-3.55,-4.23,-3.72,-4.1,-4.1,-4.04,-0.37,2.08,3.4,2.9,4.16,4.32,5.83,6.96,7.5,7.8,8.42,4.47,3.0,2.59,6.43,4.13,4.62,4.43,3.15,2.58,1.02,0.96,1.11,0.18,1.24,0.95,-0.19,0.89,0.32,-1.0,-1.36,-0.71,2.8,3.87,4.36,5.15,5.5,5.26,4.77,4.2,3.97,3.62
-0.51,-0.39,-0.34,0.02,0.85,1.37,1.33,1.32,1.11,0.67,0.65,1.37,2.19,2.82,3.17,3.49,4.08,4.24,4.1,4.51,4.79,4.96,5.48,5.96,6.46,7.16,7.2,6.18,5.17,3.96,0.29,-4.18,-5.19,-5.16,-4.89,-4.69,-3.97,-2.85,-3.3,-3.07,-0.16,1.05,2.21,3.87,5.28,6.0,6.78,6.55,5.63,7.7,6.91,4.93,5.72,4.31,7.31,8.51,7.09,4.64,3.99,-0.47,-1.32,0.59,-0.51,2.19,0.89,-1.78,-1.15,-0.67,-3.68,-1.51,0.08,1.56,3.18,4.04,4.31,4.17,4.76,4.46,4.42,3.81
-0.4,-0.34,-0.59,-0.25,0.07,0.69,1.18,0.98,0.78,0.66,0.27,0.31,1.4,2.12,2.54,3.07,3.77,4.42,4.46,4.56,4.85,4.96,5.5,5.92,6.72,7.29,6.84,6.44,6.28,5.97,5.18,1.36,-4.22,-4.92,-4.58,-0.01,1.87,1.72,-0.19,-1.4,0.5,2.96,3.73,4.73,4.76,6.23,6.47,8.16,5.15,4.45,6.68,4.77,3.52,5.36,5.37,6.47,5.25,5.22,5.84,-2.96,-0.18,-0.94,-1.65,-1.46,3.07,-0.79,-1.29,-1.08,-1.83,-2.58,-1.67,0.64,1.55,2.65,3.4,3.84,2.91,3.17,3.94,4.71
-0.38,-0.7,-0.46,-0.55,-0.07,0.21,0.31,1.17,0.72,0.27,0.51,-0.86,-0.01,1.19,1.99,2.7,3.58,4.74,4.87,4.52,4.86,4.77,5.51,5.85,6.32,6.74,6.39,6.08,6.45,6.82,6.81,6.31,5.28,0.2,-0.61,1.1,1.84,-0.83,-0.53,-0.77,-0.32,0.97,3.16,4.04,4.6,5.25,5.6,6.36,7.5,4.8,4.16,4.45,4.9,4.84,5.05,7.92,4.93,6.5,6.0,5.15,5.22,5.61,2.73,-4.13,-1.79,4.71,-2.28,-1.54,-0.68,-1.54,-2.73,-1.95,-0.35,1.06,2.05,2.97,3.44,4.07,3.69,2.98
0.26,0.58,0.64,1.26,1.36,1.4,1.27,0.23,0.55,0.14,-0.1,-1.09,-1.83,-0.48,1.3,2.14,3.54,4.81,5.34,4.55,4.64,4.89,5.19,5.68,6.24,6.52,6.37,6.3,6.34,7.11,7.45,7.2,7.29,7.64,2.65,-0.49,-0.5,0.9,0.94,0.72,0.88,1.24,2.33,3.86,4.8,4.23,5.17,5.14,5.1,3.75,4.09,5.76,6.04,5.61,5.59,6.35,6.16,6.11,5.94,5.79,5.74,5.11,4.05,3.56,1.91,1.23,2.01,-1.89,-2.15,-2.11,-2.2,-1.23,-0.33,-0.14,0.47,1.29,2.06,2.86,3.14,3.35
0.67,1.83,2.43,2.88,3.23,3.31,3.09,2.58,1.3,-0.54,-1.01,-1.59,-2.58,-3.15,-0.52,1.16,2.95,4.25,5.03,4.73,4.62,5.24,5.09,5.44,6.0,6.3,6.5,6.42,5.92,6.18,7.07,7.68,7.78,9.04,2.5,1.54,1.04,-0.38,-0.22,-1.08,-0.63,0.47,1.42,2.72,4.26,4.13,4.05,5.3,5.88,3.57,3.19,3.12,4.15,6.19,6.66,4.77,7.13,5.31,6.45,5.82,5.48,5.6,5.67,4.97,4.08,4.06,4.3,0.01,-2.21,-1.49,-1.75,-3.74,0.45,-1.6,-0.6,-0.01,0.58,1.58,2.15,2.54
2.09,2.63,2.95,2.98,3.19,3.63,4.08,3.71,2.68,0.97,-1.69,-3.01,-2.88,-5.06,-2.05,0.66,2.53,3.58,4.15,4.43,4.32,4.8,4.81,5.18,5.22,5.63,5.69,5.97,5.86,5.72,6.26,7.07,7.71,9.48,8.34,2.49,1.66,0.64,0.62,1.26,0.93,0.23,0.2,0.93,2.58,2.28,2.81,3.82,5.2,5.11,4.11,2.61,2.09,3.77,7.24,5.6,4.73,6.16,6.38,6.39,5.77,5.57,5.17,5.49,4.79,4.02,3.75,3.96,-1.78,-1.43,1.35,-1.5,1.45,2.12,-0.42,-0.96,-0.63,0.42,1.38,1.81
2.37,2.84,3.42,3.77,3.42,3.99,4.88,4.76,3.42,2.48,-2.05,-3.61,-3.3,-6.18,-3.55,-0.13,2.46,3.42,3.3,3.48,3.5,3.67,4.06,4.95,5.16,5.1,5.12,5.27,5.34,4.93,5.36,6.13,7.41,9.22,8.97,3.5,2.27,2.14,0.99,0.95,0.6,0.66,-0.33,-0.97,0.33,1.85,2.05,2.94,3.44,4.14,4.14,3.0,3.46,3.27,4.47,7.47,5.69,7.24,1.88,5.85,7.18,5.08,6.09,6.8,6.21,5.68,3.91,3.01,2.91,-1.87,-0.08,-0.92,0.85,1.85,2.82,-1.04,-2.05,-1.4,0.0,0.95
3.2,3.85,4.14,3.55,3.41,4.42,5.62,6.97,5.39,5.25,0.72,-2.75,0.39,-5.62,-3.05,0.0,1.98,2.64,2.48,2.6,2.45,2.22,3.24,4.09,5.36,5.17,5.09,5.27,5.23,4.68,4.73,5.23,6.2,7.9,9.02,4.52,2.31,1.11,0.68,-0.05,0.66,1.01,1.18,1.24,1.93,3.0,1.99,2.17,2.35,2.55,2.18,2.08,1.06,2.98,3.85,4.54,6.49,6.62,4.75,4.82,6.28,3.96,4.6,6.52,6.63,5.19,3.94,3.13,3.42,2.95,0.22,-1.07,-0.77,1.77,6.53,4.76,-3.56,-3.62,-2.45,-0.9
3.05,3.97,4.23,3.36,2.95,3.46,4.54,6.15,6.61,5.5,3.53,0.86,-3.45,-3.61,-1.99,0.89,2.63,2.81,2.42,2.36,1.68,1.38,2.87,4.17,4.96,5.58,5.28,4.72,4.52,4.88,4.81,4.65,5.25,6.51,8.01,7.58,2.6,3.25,1.5,0.27,-0.46,-0.4,-0.45,0.45,1.37,1.8,2.62,3.3,2.69,2.81,2.83,3.11,3.89,0.87,2.43,3.9,4.56,5.48,6.26,1.82,4.26,3.77,4.2,4.73,5.78,5.95,3.99,3.22,3.56,3.73,4.13,-1.3,0.09,1.77,6.24,6.71,7.17,0.24,-4.15,-3.73
2.85,3.31,3.67,4.11,3.64,3.77,3.93,4.75,5.11,4.44,2.86,0.37,-1.53,-2.09,-1.28,0.39,2.18,3.04,2.66,1.26,1.85,1.81,2.59,3.49,4.06,5.16,4.86,4.71,4.5,4.54,4.66,4.9,5.11,5.83,7.35,7.96,1.51,2.61,1.9,0.89,0.51,1.48,-1.02,-1.75,-0.3,0.97,1.51,1.26,1.48,2.37,2.24,1.9,2.26,2.74,3.98,1.49,3.89,3.25,2.57,0.4,3.21,2.62,2.91,3.16,3.67,3.7,3.08,3.78,4.21,0.92,1.33,1.15,0.0,4.46,5.86,6.29,6.92,7.58,9.16,3.16
2.59,3.45,3.63,3.62,3.39,3.26,3.35,3.48,3.95,3.74,2.34,0.73,-0.58,-1.06,-0.37,1.04,2.56,2.9,2.74,1.05,-0.12,1.09,2.37,3.19,3.68,4.33,4.46,4.24,4.25,3.89,3.84,4.27,4.75,5.58,7.29,8.29,0.94,0.94,2.48,2.14,2.26,3.09,2.89,1.77,0.24,-1.05,0.29,0.54,1.73,2.18,2.67,2.85,2.86,3.4,4.21,5.09,-0.5,2.48,1.54,1.36,2.25,2.33,3.03,3.22,3.13,2.79,2.07,3.76,3.05,0.26,0.71,0.66,2.73,4.58,6.09,6.81,6.31,6.54,6.96,7.2
1.74,2.92,3.42,3.58,3.31,3.07,2.6,2.34,2.32,2.31,2.53,2.01,1.35,0.92,0.65,0.84,1.87,2.65,1.53,0.19,0.25,0.79,1.54,2.22,2.93,3.56,4.03,4.45,4.77,4.51,4.18,4.35,4.37,4.84,5.85,5.34,2.98,1.5,1.24,0.62,1.31,1.97,2.13,1.37,1.29,1.16,0.1,-0.15,0.9,1.79,2.23,1.51,0.87,1.14,2.24,3.65,0.66,3.37,0.7,1.19,2.24,2.52,2.1,3.04,2.74,2.04,1.99,3.03,3.29,-1.31,-0.49,0.6,2.43,4.5,6.52,6.9,6.58,6.0,6.57,7.34
1.4,1.63,2.41,3.06,3.23,3.0,2.03,1.39,1.19,1.09,0.92,0.91,0.8,0.88,0.91,0.74,1.22,2.05,1.74,1.07,-0.13,-0.18,1.18,2.22,1.87,2.49,3.26,3.92,4.42,4.93,4.95,4.82,5.08,5.21,4.61,4.96,3.94,1.29,0.49,1.61,0.78,0.63,1.14,1.64,1.83,2.2,1.9,0.0,0.23,1.6,1.95,1.92,0.75,0.54,0.94,0.32,0.02,1.03,2.0,0.48,1.43,0.72,0.47,1.92,2.09,2.0,2.44,2.14,1.59,1.47,0.1,0.12,2.58,4.49,5.25,5.25,5.43,5.69,6.04,6.35
0.27,1.13,1.98,2.5,2.97,2.86,2.5,1.27,0.83,0.96,0.95,0.85,0.91,0.95,0.83,0.88,1.03,1.48,1.98,1.96,0.05,-2.06,0.79,2.11,1.51,1.6,2.46,3.35,3.89,4.02,4.48,4.82,4.79,4.51,4.57,4.29,4.24,4.6,4.09,3.38,2.52,1.8,1.37,1.35,1.97,2.0,2.53,2.08,0.69,-0.28,0.03,0.78,0.61,0.41,0.73,0.44,-0.74,-1.71,-1.67,0.31,1.35,2.63,1.86,1.64,1.04,1.61,1.51,1.39,0.35,-1.13,-0.12,2.09,3.54,3.63,3.8,4.13,4.89,6.01,6.79,7.17
0.18,-0.26,0.76,1.4,2.01,2.54,2.83,2.18,0.7,0.27,0.59,1.07,1.52,2.18,2.33,1.33,0.59,0.81,1.1,1.78,0.73,-1.63,0.32,1.2,1.18,1.28,2.36,3.34,4.04,4.3,4.4,4.37,4.89,4.81,3.89,3.82,3.66,3.96,4.05,3.86,3.21,3.09,2.67,1.61,1.17,1.28,1.81,2.34,2.2,2.67,2.53,0.02,-0.79,-1.06,-0.33,0.26,-0.29,-1.93,-2.9,-3.99,-0.97,0.88,1.55,1.74,1.4,1.48,1.28,1.13,0.02,-0.35,0.55,2.04,3.68,2.98,3.04,3.56,3.97,5.01,5.77,6.73
0.15,0.26,0.88,1.63,1.77,2.07,1.89,1.61,0.91,0.05,-0.08,0.31,1.02,1.69,2.17,2.47,2.59,2.65,1.98,0.48,-0.33,-1.16,-1.52,-0.88,0.14,0.79,1.43,2.27,2.97,3.22,3.39,3.49,3.6,4.07,3.73,3.2,2.73,2.93,3.37,3.02,2.95,2.84,3.0,3.36,2.88,2.31,2.32,1.47,1.33,1.21,1.64,1.43,-0.82,-0.88,-0.4,-0.62,-1.09,-1.29,-2.11,-2.46,-3.98,-2.04,-1.25,-0.49,-0.07,0.04,-0.39,0.62,-1.1,-0.56,1.32,0.97,2.36,2.03,2.25,2.64,3.41,4.37,5.4,6.77
-1.52,-0.98,0.19,1.76,2.82,2.69,1.62,0.71,0.22,-0.04,0.19,1.04,1.8,2.12,1.66,1.53,1.62,1.8,2.06,2.13,1.7,0.12,-1.58,-1.9,-1.64,-1.24,-0.77,0.07,0.96,1.33,1.34,1.33,1.53,2.69,3.43,2.92,2.15,2.13,2.2,2.22,2.18,1.94,2.18,2.41,2.36,2.79,2.94,3.07,1.84,0.27,0.87,1.24,0.01,-2.04,-1.68,-1.42,-2.67,-2.48,-2.7,-2.52,-2.59,-2.26,-2.09,-2.49,-2.13,-0.6,-1.11,-0.38,1.38,2.28,1.8,0.94,0.27,0.62,0.92,1.99,2.88,3.93,4.93,6.59
-2.24,-1.38,-0.66,1.15,3.62,3.94,2.46,0.73,-0.02,-0.38,-0.1,0.72,1.33,1.94,2.12,2.13,1.53,1.69,1.81,1.77,1.38,0.73,-0.01,0.22,0.44,0.78,0.91,1.03,1.54,2.02,1.85,1.1,1.18,1.86,2.56,3.27,3.39,3.44,2.83,1.17,0.17,0.69,0.95,1.06,1.12,0.91,1.18,1.69,2.08,2.6,1.24,0.22,0.96,0.41,-2.61,-2.88,-3.44,-2.76,-1.87,-4.01,-3.56,-2.77,-2.13,-1.62,-1.14,-1.45,-0.56,0.16,-0.01,0.01,0.59,-0.4,-1.19,-0.93,-0.37,0.74,1.96,3.19,4.16,5.96
-2.1,-1.84,-2.06,-0.33,2.34,3.77,2.91,0.02,1.75,1.05,-1.48,-0.96,-0.61,0.17,2.03,2.42,2.11,2.31,2.58,2.41,2.3,1.59,1.61,0.82,0.41,0.44,0.62,0.74,0.72,0.66,0.54,0.36,0.59,1.06,1.52,1.96,1.96,2.19,1.88,1.29,1.19,0.53,0.46,0.75,0.66,-0.17,-0.55,-0.43,-0.33,0.56,1.28,1.31,0.73,-0.24,-0.37,-2.62,-3.64,-3.7,-3.12,-3.15,-3.84,-4.24,-4.2,-3.74,-3.12,-0.56,0.71,0.91,0.12,-0.84,-1.41,-1.8,-1.28,-1.88,-1.82,-0.64,0.93,2.25,3.45,5.08
-3.11,-3.31,-2.93,-1.38,0.46,2.45,2.35,0.25,-0.38,1.04,1.08,-3.17,-1.88,1.26,2.49,2.48,2.37,2.28,2.25,2.12,2.06,2.08,1.86,1.89,2.06,2.19,2.27,2.31,2.31,2.07,1.43,0.55,0.81,1.34,1.55,1.99,1.86,1.55,1.75,1.31,0.91,1.18,1.76,1.79,1.25,1.17,0.68,-1.04,-1.42,-1.5,-1.92,-1.33,-0.35,-0.29,-0.44,-2.14,-3.24,-4.25,-4.15,-3.74,-3.5,-3.4,-2.62,-2.96,-4.21,-5.69,-2.9,-1.3,-1.61,-0.4,-2.6,-3.98,-3.05,-2.09,-1.41,-1.11,-0.34,1.47,2.79,4.1
-3.07,-3.37,-3.07,-1.94,-1.46,-0.68,0.01,0.05,-0.1,0.16,0.01,-0.27,0.25,0.82,1.17,2.23,2.37,1.81,1.67,1.44,1.34,1.43,1.42,1.18,1.13,1.0,0.93,0.99,1.44,1.78,1.82,1.78,1.64,1.34,1.5,1.75,1.94,2.21,2.38,2.55,2.7,2.94,3.17,3.24,3.23,2.6,0.98,-1.33,-2.74,-2.9,-2.58,-1.77,-1.77,-1.78,-2.05,-2.15,-2.7,-3.36,-4.95,-5.77,-4.91,-4.16,-3.53,-2.98,-2.89,-4.68,-3.08,-2.8,-4.39,-2.4,-3.92,-6.12,-5.43,-4.13,-3.63,-2.28,-1.17,0.72,1.97,3.27
-2.24,-2.11,-2.77,-2.65,-2.03,-2.36,-2.27,-1.57,-1.04,-0.93,-1.26,-0.75,-0.13,-0.03,-0.22,0.1,0.69,1.35,1.35,1.17,0.72,0.73,0.66,0.38,0.04,-0.54,-1.03,-1.3,-1.19,-0.51,0.38,0.48,0.57,0.75,1.17,1.49,1.75,1.96,2.1,2.16,2.25,2.31,2.87,2.98,2.5,2.63,2.18,1.09,-0.08,-0.93,-1.91,-3.28,-3.41,-2.87,-2.78,-3.54,-3.83,-3.67,-3.53,-3.54,-3.8,-4.97,-5.11,-5.14,-4.13,-3.09,-1.24,-2.77,-5.99,-5.93,-4.47,-3.71,-5.21,-5.44,-4.48,-3.67,-2.46,-0.65,1.06,2.08
-2.95,-2.09,-1.7,-2.15,-2.84,-3.34,-3.47,-3.11,-2.64,-2.16,-1.88,-1.59,-1.09,0.0,0.66,0.65,0.93,1.45,1.85,1.11,0.92,0.42,-0.06,-0.69,-1.38,-0.98,0.38,0.77,0.38,-0.58,-0.86,-0.07,-0.19,-1.22,-0.46,0.2,0.44,0.13,0.44,0.9,0.64,0.51,1.18,1.85,2.06,1.99,1.81,1.53,0.96,0.37,-0.5,-1.25,-1.57,-2.0,-3.35,-4.35,-4.19,-4.88,-4.98,-4.31,-4.18,-4.31,-4.4,-4.52,-4.83,-5.07,-3.86,-1.74,0.27,-1.06,-3.83,-3.93,-3.27,-4.44,-5.56,-5.44,-4.71,-3.1,-0.63,1.12
-1.98,-1.1,-1.57,-2.34,-3.18,-3.53,-4.11,-4.33,-3.93,-3.26,-3.03,-2.88,-2.73,-2.52,-2.37,-1.5,-0.67,-0.13,1.1,1.06,0.61,0.16,-1.1,-1.91,-2.42,-2.29,-1.07,-0.15,-0.42,-1.28,-1.69,-1.24,-1.11,-1.68,-1.72,-0.92,-0.21,-0.1,0.01,0.5,-0.05,-0.59,-0.4,0.48,0.6,0.23,-0.12,-0.22,-0.21,-0.42,-0.66,-0.88,-0.99,-1.46,-2.26,-2.84,-4.06,-5.37,-5.79,-5.63,-5.39,-5.08,-4.68,-4.8,-5.37,-6.02,-5.04,-3.36,-2.28,-1.32,-0.98,-1.46,-2.2,-3.08,-3.09,-4.46,-6.07,-5.2,-3.61,-1.49
0.14,0.16,-0.54,-1.53,-2.3,-2.92,-3.3,-4.15,-4.72,-4.58,-4.53,-4.87,-4.58,-3.95,-3.21,-2.3,-1.4,-0.45,0.07,0.03,0.09,0.14,-0.04,-0.33,-0.86,-1.65,-2.34,-2.27,-2.27,-2.53,-2.52,-2.51,-2.44,-2.53,-2.48,-1.79,-1.07,-0.35,0.4,0.75,0.35,0.15,0.91,1.29,0.85,-0.11,-1.21,-2.1,-2.82,-3.24,-2.24,-1.4,-1.44,-2.13,-2.64,-2.95,-3.6,-4.2,-5.6,-7.04,-7.26,-6.84,-5.97,-5.56,-5.09,-4.67,-4.9,-4.75,-4.05,-2.92,-2.23,-1.9,-1.77,-1.51,-2.15,-4.06,-5.92,-6.48,-4.71,-3.27
-2.13,-1.54,-0.67,0.13,0.01,-0.68,-1.53,-2.39,-3.67,-4.63,-4.88,-5.48,-5.95,-5.4,-4.24,-3.14,-1.86,-1.43,-1.08,-0.84,-0.57,-0.71,-0.88,-1.18,-1.76,-2.58,-3.26,-3.64,-3.88,-3.98,-3.81,-3.33,-3.18,-3.01,-2.38,-1.45,-0.94,-0.49,0.82,1.64,1.73,2.51,3.7,4.41,4.83,4.54,4.48,4.07,2.48,-0.19,-2.65,-4.09,-4.3,-3.9,-3.53,-3.79,-4.04,-4.44,-5.13,-5.88,-6.65,-7.45,-7.81,-7.74,-6.98,-6.28,-5.87,-5.42,-5.04,-4.75,-4.46,-4.12,-3.55,-2.69,-2.28,-2.46,-4.85,-7.18,-7.18,-6.11
-2.42,-1.69,-1.11,-0.72,-0.52,-0.5,-0.47,-0.36,-0.43,-0.78,-2.38,-4.68,-5.9,-5.75,-4.92,-4.1,-3.41,-3.19,-3.14,-2.83,-2.44,-2.08,-2.0,-2.08,-2.37,-3.16,-4.07,-4.53,-4.79,-5.09,-5.21,-4.73,-4.55,-4.27,-3.44,-1.54,0.58,0.85,0.87,1.06,1.53,1.91,2.15,2.72,3.19,3.57,3.9,4.26,4.28,4.28,4.0,2.57,-2.04,-5.14,-5.56,-5.38,-5.6,-6.13,-6.14,-6.09,-6.36,-7.03,-7.06,-7.05,-6.81,-6.33,-6.07,-5.66,-5.57,-5.56,-4.61,-4.15,-4.41,-4.01,-3.31,-2.87,-2.63,-4.18,-7.36,-7.53
-1.18,-0.79,-0.43,1.06,1.49,0.74,-0.3,-1.14,-1.18,-1.35,-2.05,-3.06,-3.92,-4.38,-4.33,-4.0,-3.65,-3.48,-3.63,-3.47,-3.01,-2.6,-2.38,-2.46,-2.84,-3.43,-4.26,-5.06,-5.8,-6.29,-6.25,-6.3,-6.13,-4.58,-2.74,-1.92,-1.12,-0.7,-0.14,0.6,1.0,1.44,1.77,1.86,2.11,2.53,3.08,3.67,4.01,3.97,3.62,2.74,2.03,0.73,-4.09,-7.34,-7.79,-7.31,-7.33,-7.69,-8.19,-8.49,-7.69,-7.16,-6.7,-6.66,-6.2,-5.41,-5.36,-5.2,-4.43,-4.19,-3.94,-3.73,-3.59,-3.36,-3.36,-4.02,-5.37,-8.46
-0.75,0.1,0.37,1.85,2.67,2.63,2.54,2.36,2.17,1.69,0.66,-0.48,-1.72,-2.4,-2.28,-1.95,-1.75,-1.85,-2.03,-2.21,-2.16,-2.07,-1.98,-2.11,-2.55,-3.08,-3.84,-4.79,-5.64,-6.02,-6.34,-6.31,-5.55,-3.81,-2.53,-1.96,-1.44,-1.03,-0.45,0.15,0.9,1.62,1.78,1.41,1.16,1.32,1.71,2.16,2.36,2.39,2.56,2.67,2.34,1.35,0.3,-2.57,-8.07,-9.39,-9.38,-9.47,-9.24,-8.7,-7.54,-7.52,-8.22,-7.93,-7.47,-6.9,-6.85,-6.49,-5.53,-4.31,-4.01,-3.64,-3.13,-3.71,-4.0,-4.04,-5.01,-6.73
1.05,1.42,1.82,3.2,3.81,3.54,3.53,3.89,3.87,3.82,3.8,3.31,2.62,2.35,2.45,2.42,2.05,1.8,1.55,1.24,1.0,0.82,0.65,0.55,-0.06,-0.86,-1.65,-2.39,-2.89,-3.77,-4.25,-3.7,-2.75,-1.88,-1.31,-0.9,-0.34,-0.06,0.75,1.55,1.44,1.36,1.38,1.18,1.07,1.27,1.77,2.71,3.13,2.96,2.41,1.6,0.76,0.22,0.07,-0.4,-2.31,-7.65,-10.34,-10.54,-10.57,-10.39,-10.22,-10.03,-9.46,-8.22,-7.14,-6.93,-6.76,-6.48,-5.67,-4.87,-4.48,-3.72,-3.24,-3.81,-4.94,-5.2,-5.12,-5.71
1.19,1.78,2.53,3.33,3.69,4.4,4.94,4.97,4.73,5.04,5.58,5.63,5.25,4.96,4.77,4.28,3.77,3.44,3.44,3.7,3.83,3.74,3.2,2.63,2.24,1.43,0.2,-1.66,-2.44,-2.47,-2.3,-1.88,-1.32,-0.42,0.52,0.88,1.33,1.44,1.07,1.32,1.57,1.3,1.16,1.41,1.92,2.54,3.1,3.58,3.82,3.69,3.52,2.61,1.17,0.62,-0.34,-1.38,-2.3,-3.1,-6.79,-9.58,-9.6,-10.14,-11.73,-12.11,-11.23,-10.09,-8.69,-7.94,-8.02,-7.14,-6.27,-5.0,-4.43,-3.67,-2.99,-3.12,-4.38,-5.81,-7.24,-7.58
