json-data/2016040712.json
{"header": {"discipline":0,"disciplineName":"Meteorological products","gribEdition":2,"gribLength":49494,"center":7,"centerName":"US National Weather Service - NCEP(WMC)","subcenter":0,"refTime":"2016-04-07T12:00:00.000Z","significanceOfRT":1,"significanceOfRTName":"Start of forecast","productStatus":0,"productStatusName":"Operational products","productType":1,"productTypeName":"Forecast products","productDefinitionTemplate":0,"productDefinitionTemplateName":"Analysis/forecast at horizontal level/layer at a point in time","parameterCategory":0,"parameterCategoryName":"Temperature","parameterNumber":0,"parameterNumberName":"Temperature","parameterUnit":"K","genProcessType":2,"genProcessTypeName":"Forecast","forecastTime":0,"surface1Type":1,"surface1TypeName":"Ground or water surface","surface1Value":0.0,"surface2Type":255,"surface2TypeName":"Missing","surface2Value":0.0,"gridDefinitionTemplate":0,"gridDefinitionTemplateName":"Latitude_Longitude","numberPoints":65160,"shape":6,"shapeName":"Earth spherical with radius of 6,371,229.0 m","gridUnits":"degrees","resolution":48,"winds":"true","scanMode":0,"nx":360,"ny":181,"basicAngle":0,"subDivisions":0,"lo1":0.0,"la1":90.0,"lo2":359.0,"la2":-90.0,"dx":1.0,"dy":1.0}, "data":
[rows 34 to 67 of 181, columns 154 to 230 of 360]
272.2,272.4,268.0,267.9,265.3,264.8,265.9,264.3,267.7,270.0,272.4,273.6,273.8,273.6,273.3,273.2,273.5,273.9,274.0,274.1,274.2,274.1,274.0,273.9,274.0,274.0,274.2,274.2,274.2,274.1,274.1,274.0,274.1,274.5,275.3,276.2,276.8,277.5,277.8,277.0,276.6,276.7,277.3,277.8,277.2,276.3,272.4,274.1,279.2,278.5,278.7,279.2,279.4,279.7,279.7,279.5,279.4,279.1,278.9,278.9,279.2,279.5,279.7,279.7,279.9,279.9,280.0,280.0,280.4,280.9,281.6,281.0,280.3,278.2,277.6,275.3,274.2
272.2,272.5,267.1,267.3,262.9,265.9,265.2,261.7,269.1,273.3,274.4,274.7,273.4,273.9,273.9,274.5,274.6,274.8,275.0,274.8,274.8,274.9,274.8,274.7,274.8,274.8,274.8,274.9,274.8,274.7,274.6,274.3,274.3,274.4,274.9,275.5,276.3,277.0,277.6,278.0,278.2,277.7,276.7,275.7,278.2,279.0,277.9,278.3,280.1,279.8,279.4,279.1,279.1,278.9,278.9,278.7,278.7,278.5,278.7,278.8,279.1,279.4,279.6,279.9,280.0,280.0,280.2,280.1,280.2,280.6,281.3,282.1,281.4,280.8,280.5,279.9,276.9
272.4,272.6,268.4,265.1,260.9,262.5,268.9,273.4,273.6,274.1,274.4,274.5,274.5,274.8,275.0,275.3,275.5,275.7,275.8,275.8,275.9,275.8,275.8,275.8,275.8,275.8,275.7,275.8,275.9,275.8,275.8,275.7,275.7,276.0,276.4,277.0,277.6,278.2,278.4,276.4,277.0,278.3,278.9,278.6,278.8,279.4,279.3,279.1,279.0,278.9,278.7,278.5,278.4,278.3,278.3,278.3,278.3,278.3,278.5,278.8,279.0,279.4,279.8,279.9,280.1,280.3,280.2,280.3,280.5,280.8,281.3,281.9,282.1,279.5,280.9,281.4,277.9
272.4,272.4,272.2,266.2,264.2,272.4,271.7,273.6,274.0,273.7,273.7,273.8,274.3,275.0,275.6,276.0,276.2,276.4,276.6,275.9,276.8,276.7,276.6,276.6,276.6,276.7,276.5,276.7,276.7,276.8,276.7,276.7,276.6,276.8,277.1,276.9,276.1,276.9,278.2,278.6,278.9,278.9,278.6,278.4,278.5,278.4,278.4,278.4,278.3,278.3,278.1,278.1,278.1,278.2,278.2,278.4,278.4,278.5,278.8,278.9,279.1,279.3,279.4,279.6,279.9,280.3,280.4,280.5,280.6,280.7,281.2,281.6,282.3,281.6,279.8,283.1,281.5
272.4,272.4,272.4,266.3,267.1,272.8,273.5,273.7,273.8,273.5,273.7,274.2,274.9,275.6,276.0,276.2,276.5,276.7,277.0,277.2,277.1,277.0,276.8,276.6,276.3,276.5,276.2,276.1,275.4,276.0,275.5,275.7,275.8,275.8,276.9,277.5,278.1,278.2,278.2,278.2,278.1,278.0,277.8,277.7,277.8,277.8,277.9,277.9,278.0,278.0,278.0,278.0,278.2,278.3,278.4,278.6,278.8,279.1,279.2,279.2,279.4,279.3,279.5,279.6,279.8,280.2,280.6,280.6,280.7,280.9,280.9,281.4,282.0,282.6,282.4,280.3,283.8
273.1,273.0,272.7,271.0,273.2,273.4,273.6,273.8,273.7,273.6,274.1,274.9,275.5,276.0,276.2,276.3,276.3,276.5,277.0,277.0,277.1,276.9,276.9,276.8,276.8,276.5,276.6,276.3,276.8,277.0,277.1,277.2,277.3,277.4,277.5,277.5,277.6,277.6,277.4,277.3,277.4,277.4,277.4,277.5,277.6,277.6,277.9,277.9,277.8,277.9,277.9,277.9,278.0,278.3,278.4,278.6,278.9,279.2,279.4,279.6,279.6,279.7,279.6,279.7,280.0,280.2,280.5,280.6,280.8,280.8,281.0,281.3,281.7,282.3,282.5,283.2,283.4
273.9,273.5,273.4,273.5,273.6,273.8,274.1,274.2,274.2,274.3,274.8,275.2,275.6,275.9,275.8,276.0,275.9,276.3,276.5,276.6,276.5,276.4,276.1,276.2,276.3,276.5,276.4,276.5,276.5,276.6,276.6,276.5,276.8,277.0,276.9,277.0,277.1,277.1,277.2,277.1,277.2,277.3,277.3,277.4,277.6,277.6,277.9,277.9,278.0,277.9,278.0,278.0,278.2,278.4,278.5,278.7,278.9,279.3,279.5,279.8,279.7,279.8,279.8,280.0,280.1,280.3,280.6,280.8,280.9,280.9,281.2,281.4,281.5,281.9,282.3,282.8,283.1
273.5,273.7,274.0,273.8,273.8,273.9,274.3,274.6,274.8,275.1,275.0,275.2,275.3,275.5,275.7,275.7,275.8,275.9,276.2,276.1,276.0,275.8,275.5,275.7,275.5,275.8,276.0,275.9,276.0,276.2,276.1,276.1,276.3,276.6,276.7,276.9,277.2,277.2,277.2,277.1,277.3,277.5,277.5,277.7,277.7,277.9,277.8,278.0,278.0,278.2,278.2,278.5,278.6,278.8,278.9,279.1,279.2,279.3,279.6,279.6,279.7,279.8,279.9,280.1,280.5,280.8,280.9,281.1,281.2,281.3,281.4,281.6,281.8,282.1,282.2,282.4,282.7
274.2,274.3,274.3,273.8,273.5,273.7,274.1,274.6,275.0,275.2,275.1,275.1,275.0,275.1,275.4,275.3,275.6,275.6,275.9,275.9,275.8,275.7,275.6,275.7,275.8,275.9,276.1,276.1,276.4,276.4,276.5,276.4,276.5,277.0,277.1,277.3,277.5,277.6,277.6,277.7,277.7,277.7,277.9,277.9,277.8,277.9,277.8,278.0,278.2,278.5,278.6,278.8,279.0,279.0,279.2,279.5,279.8,280.0,280.0,280.2,280.2,280.3,280.3,280.5,280.9,281.1,281.2,281.4,281.7,281.5,281.6,281.7,282.1,282.4,282.5,282.6,282.4
274.7,274.2,274.1,273.9,274.1,274.4,274.3,274.6,274.8,275.1,275.2,275.3,275.3,275.3,275.2,275.1,275.0,275.3,275.6,275.7,275.6,275.9,276.0,276.2,276.4,276.6,276.7,276.7,276.8,277.0,276.6,276.5,276.7,277.0,277.2,277.3,277.5,277.5,277.3,277.3,277.7,277.9,278.0,277.9,278.0,278.1,278.2,278.2,278.6,279.0,279.1,279.3,279.3,279.5,279.7,280.1,280.3,280.2,280.3,280.2,280.5,280.6,280.6,280.9,281.2,281.4,281.5,281.8,282.2,282.0,281.9,282.1,282.3,282.7,282.6,282.5,282.7
273.8,273.5,273.8,274.4,274.5,274.7,274.8,275.3,275.8,275.5,275.1,275.6,275.9,276.0,275.7,275.3,275.3,275.8,276.4,275.9,275.7,276.2,276.2,276.1,276.1,276.4,276.5,276.4,276.5,276.6,276.5,276.3,276.6,276.6,277.0,277.5,277.8,277.7,277.6,277.9,278.2,278.1,278.3,278.4,278.6,278.8,278.7,278.7,279.1,279.7,279.5,279.6,279.8,280.0,280.3,280.5,280.2,280.1,280.3,280.4,280.3,280.3,280.7,281.4,281.7,281.8,281.9,282.1,282.5,282.7,282.7,282.8,282.8,283.0,282.9,282.8,283.0
273.9,274.7,274.6,275.1,275.0,275.8,276.0,276.2,277.1,276.5,276.2,276.9,277.1,276.4,275.4,275.7,276.4,277.0,277.2,277.0,277.5,278.2,277.7,276.7,276.8,277.1,277.5,277.5,277.2,277.2,278.0,277.9,277.7,277.8,278.4,278.5,278.4,278.4,278.0,278.5,278.8,278.5,278.6,278.7,278.7,278.9,279.1,279.2,279.8,280.1,280.0,279.9,280.3,280.5,280.9,281.2,280.9,280.8,280.9,280.9,281.0,281.1,281.3,281.7,282.4,282.6,282.4,282.3,282.8,283.3,283.3,283.1,283.2,283.3,283.3,283.2,283.4
274.9,276.5,275.4,275.3,275.7,278.3,278.1,276.5,277.4,278.6,278.2,277.5,276.6,276.5,276.0,276.2,277.2,277.4,277.4,277.5,278.4,278.4,278.3,278.4,278.2,278.8,278.0,278.6,278.3,278.0,278.7,278.9,278.6,278.8,279.5,279.3,279.3,279.8,279.3,279.4,279.2,279.3,279.2,279.3,279.1,279.3,279.5,279.6,279.5,279.6,280.4,280.6,280.4,280.8,280.8,281.2,281.3,281.3,281.3,281.5,281.6,281.6,281.8,281.9,282.4,282.8,282.8,282.8,283.5,284.0,283.8,283.6,283.6,283.7,283.7,283.9,284.2
278.7,280.9,280.0,278.6,277.9,279.3,278.8,276.8,277.3,278.5,277.7,276.9,276.7,277.2,276.3,277.0,278.7,278.5,279.0,278.2,277.1,278.3,279.4,279.2,279.0,278.7,279.0,279.0,279.5,279.7,279.6,280.1,279.4,279.2,279.8,279.9,280.0,279.8,279.7,280.0,279.4,279.7,279.6,279.8,279.9,279.9,280.4,280.4,280.5,280.3,280.6,281.0,281.2,281.2,281.3,281.4,281.5,281.6,281.8,281.9,282.0,282.3,282.1,282.3,282.6,283.1,283.5,283.8,283.9,284.0,284.3,284.5,284.4,284.3,284.4,284.6,284.9
281.7,280.2,280.3,279.7,279.6,279.2,279.9,279.9,279.3,278.8,279.0,278.0,278.1,278.0,277.5,278.4,280.9,280.1,279.3,279.2,278.0,280.5,282.3,280.6,280.3,279.0,280.3,281.1,280.7,280.3,280.6,280.9,280.7,280.1,280.5,280.2,280.2,280.3,280.3,280.1,280.2,280.4,280.3,280.5,280.5,280.2,280.8,281.3,281.5,281.3,280.8,281.1,281.4,281.6,282.1,281.9,282.1,282.2,282.2,282.4,282.6,282.8,282.9,282.9,283.3,284.0,284.4,284.7,284.7,284.7,285.1,285.3,285.1,284.7,285.0,285.3,285.4
284.4,282.0,280.8,280.9,279.4,280.1,281.1,281.7,281.2,280.5,282.6,282.7,281.5,282.7,282.5,281.3,282.5,282.0,281.6,281.7,279.1,279.0,282.9,282.4,282.2,280.9,281.3,282.1,281.4,281.3,282.0,281.1,281.3,281.5,280.9,280.5,281.1,280.5,280.9,280.6,280.9,281.0,280.8,281.2,281.4,281.2,281.4,281.9,282.1,281.6,281.6,282.1,282.7,282.9,282.8,282.8,283.0,283.0,283.0,283.3,283.5,283.6,283.5,283.4,284.0,285.2,285.5,285.4,285.5,285.8,285.7,285.5,285.3,285.5,285.9,286.2,286.3
284.5,284.2,284.9,285.1,284.8,284.3,285.0,283.8,281.7,280.5,280.8,283.7,284.3,284.1,283.7,283.0,283.1,283.0,282.5,282.9,282.8,282.1,283.6,283.6,282.9,282.8,283.1,282.9,283.0,282.6,283.1,283.0,282.5,282.1,282.6,282.9,282.1,281.5,281.7,281.7,281.5,281.7,281.6,282.0,282.7,282.5,282.2,282.4,282.8,282.8,282.4,282.4,282.8,283.4,283.5,283.4,283.6,283.9,283.8,283.8,284.2,284.5,284.4,284.0,284.4,285.5,285.6,285.3,285.8,286.4,286.3,285.9,286.2,286.5,286.8,287.1,287.2
284.4,284.7,287.7,286.7,286.1,285.3,285.3,284.8,283.7,282.6,284.0,285.5,285.2,285.1,285.3,283.6,284.3,284.6,284.0,283.7,284.2,283.7,284.2,284.3,284.6,284.6,284.2,284.1,284.8,283.8,283.9,284.3,284.7,285.0,284.6,284.2,283.9,282.5,282.1,282.5,282.7,283.0,282.6,282.6,283.0,283.3,283.2,283.1,283.5,283.9,283.6,283.2,283.5,283.8,283.9,284.0,284.1,284.3,284.6,284.7,284.6,285.1,285.5,285.0,284.8,285.5,285.9,285.9,286.0,286.5,286.8,287.0,287.2,287.3,287.3,287.5,287.5
286.5,286.5,288.6,289.1,286.6,285.8,285.7,285.4,285.7,285.1,285.5,285.5,285.0,285.3,285.4,285.0,286.2,287.5,286.7,286.1,286.0,284.9,285.2,284.8,285.1,285.3,284.9,284.8,285.7,285.8,286.3,286.4,285.3,285.3,285.5,284.1,283.9,284.4,284.1,283.7,283.9,284.4,284.2,284.0,283.9,284.3,284.3,283.9,284.0,284.5,284.6,284.1,284.2,284.5,284.6,284.8,284.9,285.2,285.2,285.6,285.8,286.4,287.2,286.6,285.9,286.3,287.0,287.3,287.1,287.2,287.6,288.1,288.0,287.7,287.8,287.9,287.8
286.8,288.9,290.3,289.3,286.7,287.1,287.0,286.1,285.9,286.0,286.0,285.2,285.5,286.5,286.6,285.8,286.1,287.5,287.2,286.8,286.6,285.4,285.3,285.6,286.3,287.1,287.1,286.0,286.0,286.2,286.3,286.7,286.1,286.7,287.0,285.6,284.9,284.8,284.3,284.6,285.1,285.3,284.9,284.8,284.8,285.1,285.1,284.6,284.8,285.0,284.9,284.8,285.0,285.3,285.5,285.6,285.7,285.9,286.5,287.4,288.1,288.0,288.1,287.7,287.6,288.0,288.5,288.6,288.2,288.1,288.2,288.7,288.7,288.7,288.5,288.7,288.5
289.1,291.5,291.1,289.1,287.2,287.6,287.7,287.7,288.2,287.6,287.0,286.4,286.7,287.6,288.0,287.5,287.4,287.6,287.0,287.1,287.1,286.6,287.0,288.1,288.5,288.4,288.1,287.0,286.4,286.6,287.3,287.7,287.6,287.6,287.2,286.8,286.5,286.1,285.7,285.8,286.1,285.6,285.5,285.7,285.6,285.5,285.5,285.5,285.6,285.8,285.5,285.6,285.8,286.0,286.7,287.1,286.7,286.8,287.3,288.0,288.4,288.1,287.9,288.1,288.5,288.8,289.0,289.1,288.9,288.9,288.9,289.1,289.0,289.1,289.2,289.1,289.2
292.0,292.2,291.3,290.6,290.1,290.4,290.7,290.2,288.8,287.1,287.0,287.7,287.5,287.0,286.8,287.6,288.0,287.7,287.5,287.3,287.2,287.1,287.8,289.0,289.0,288.3,288.0,287.4,287.0,287.2,288.3,289.2,289.0,288.3,287.5,287.3,287.3,287.1,286.8,286.6,286.2,286.2,286.1,286.1,286.2,286.1,285.8,285.7,286.2,286.6,286.6,286.5,286.4,286.5,287.1,287.4,287.5,288.1,288.4,288.5,288.6,288.5,288.6,288.8,289.1,289.1,289.2,289.4,289.4,289.3,289.4,289.4,289.4,289.6,289.6,289.5,289.7
291.1,290.0,290.0,291.7,292.4,291.6,291.1,290.6,289.8,289.1,289.3,289.8,289.5,287.9,287.4,288.7,289.8,289.3,288.6,288.5,289.0,288.5,288.1,288.4,288.3,288.1,288.2,288.2,288.2,288.9,289.2,288.9,289.0,288.7,288.2,287.8,287.5,287.6,287.4,287.0,286.6,286.3,286.4,286.7,286.9,287.2,287.1,287.1,287.3,287.1,287.2,287.5,287.1,287.2,288.1,288.2,288.4,288.8,289.2,289.1,289.2,289.6,289.9,290.0,289.7,289.8,290.0,290.0,289.9,289.8,290.0,289.8,289.9,290.1,290.2,290.1,289.8
290.1,289.0,289.4,291.4,291.9,290.9,290.6,290.6,290.0,289.4,289.5,290.0,290.1,289.2,288.8,289.3,290.1,290.2,289.6,289.5,290.1,289.7,288.7,288.6,288.4,288.1,288.1,288.6,289.2,290.0,289.5,288.6,288.4,288.4,288.2,288.2,288.0,288.0,287.9,287.8,287.5,287.1,287.7,288.1,288.3,288.5,288.2,288.2,288.2,287.9,287.8,287.9,287.7,288.2,289.0,289.4,289.5,289.3,289.5,289.8,290.2,290.6,290.9,290.8,290.7,290.6,290.7,290.5,290.3,290.4,290.3,290.6,290.6,290.8,290.9,290.6,290.3
289.9,289.6,290.7,291.9,291.4,290.4,290.3,290.6,289.9,289.7,289.7,289.9,290.3,290.2,289.8,289.7,290.3,290.6,290.3,290.3,290.2,289.8,289.6,289.5,289.1,288.9,289.1,289.7,289.9,289.9,289.0,288.5,288.9,289.2,288.9,288.7,288.8,288.7,288.6,288.8,288.9,288.6,288.8,289.1,289.5,289.5,289.0,288.7,288.9,289.0,289.0,288.9,289.0,289.4,289.9,290.4,290.5,290.4,290.3,290.6,291.1,291.4,291.5,291.6,291.4,291.4,291.4,291.1,290.7,290.7,290.9,291.1,291.2,291.3,291.6,291.2,290.9
291.0,291.3,292.1,292.3,291.4,290.6,290.6,291.1,291.3,291.6,291.6,291.0,290.9,290.8,290.7,290.6,290.6,290.5,290.2,290.1,290.3,290.3,290.4,290.4,289.8,289.7,290.0,290.2,289.8,289.4,289.0,289.3,289.8,289.6,289.0,289.1,289.5,289.4,289.0,289.2,289.9,289.7,289.3,289.0,289.8,290.2,290.2,290.4,290.8,291.0,290.8,290.6,290.5,290.6,290.9,291.3,291.5,291.3,291.3,291.5,291.8,292.0,292.2,292.5,292.5,292.4,292.1,291.8,291.5,291.5,291.5,291.6,291.8,291.8,291.9,291.7,291.3
293.0,292.9,292.9,292.7,292.4,292.0,292.3,292.4,292.9,293.5,293.6,292.7,291.9,291.5,291.3,291.4,291.5,291.1,290.4,290.5,290.8,290.8,290.8,290.6,290.2,289.9,290.3,290.8,290.6,290.5,290.3,290.1,290.1,289.8,289.4,289.7,290.4,290.4,289.8,289.9,291.0,291.7,290.9,290.0,290.5,291.0,291.0,291.6,292.4,292.4,292.0,291.7,291.5,291.5,292.1,292.6,292.7,292.5,292.4,292.6,292.7,292.7,293.0,293.3,293.3,293.2,293.1,292.7,292.5,292.4,292.3,292.3,292.4,292.4,292.4,292.0,291.7
294.5,293.8,293.5,293.5,293.8,293.7,293.7,293.7,293.7,294.0,294.2,293.8,293.0,292.4,291.9,292.1,292.4,292.1,291.5,291.3,291.7,291.6,291.3,290.8,290.3,290.2,291.1,291.8,292.3,292.2,291.8,291.1,290.7,291.0,291.0,291.0,291.1,291.2,291.0,291.1,292.1,292.9,292.6,292.1,292.0,292.2,291.9,292.3,292.9,292.9,292.8,292.5,292.3,292.6,293.3,293.8,293.7,293.5,293.6,293.5,293.4,293.5,293.8,294.2,294.0,293.9,294.0,294.0,293.8,293.4,293.1,292.8,293.0,292.8,292.9,292.6,292.3
294.8,294.1,294.1,294.6,295.3,295.1,294.6,294.4,294.2,294.3,294.5,294.6,294.3,294.0,293.7,293.6,293.8,293.5,293.2,293.1,293.5,293.5,292.9,292.2,291.6,291.7,292.7,293.6,293.8,293.9,293.6,292.7,292.5,293.1,293.4,292.7,292.0,292.2,292.4,292.8,293.3,293.7,293.7,293.5,293.6,293.7,293.4,293.2,293.4,293.4,293.5,293.5,294.0,294.4,294.6,294.7,294.6,294.5,294.4,294.4,294.4,294.4,294.7,294.7,294.6,294.6,294.8,294.7,294.8,294.2,293.7,293.4,293.4,293.5,293.4,293.2,292.9
295.0,294.8,295.0,296.0,296.6,296.1,295.3,294.9,294.9,295.1,295.2,295.5,295.4,295.1,294.7,294.5,294.7,294.8,294.9,295.0,295.1,294.6,294.2,293.7,293.4,293.9,294.6,295.0,295.0,295.2,295.2,294.5,294.2,294.5,294.5,293.9,293.0,293.3,293.8,294.3,294.2,294.4,294.6,294.8,295.0,294.8,294.6,294.1,294.1,294.1,294.3,294.9,295.4,295.8,295.8,295.7,295.4,295.4,295.3,295.4,295.4,295.4,295.4,295.4,295.3,295.2,295.2,295.2,295.0,294.6,294.1,294.0,294.1,294.0,294.0,293.7,293.4
296.2,296.1,296.0,296.5,296.9,296.5,295.7,295.1,295.3,295.8,296.2,296.2,295.9,295.3,295.0,295.0,295.3,295.7,295.8,295.8,295.4,295.1,294.9,295.1,295.2,295.4,295.5,295.3,295.3,295.6,296.0,295.6,295.1,294.9,294.9,294.2,293.5,293.7,294.3,294.6,294.9,295.2,295.5,295.6,295.7,295.7,295.4,295.2,295.0,295.0,295.3,295.8,296.3,296.6,296.7,296.4,296.4,296.1,296.0,296.1,296.1,296.0,296.0,295.9,295.8,295.7,295.5,295.5,295.3,294.8,294.5,294.4,294.4,294.4,294.2,294.1,293.7
297.4,297.4,297.1,296.7,296.8,296.5,295.8,295.5,295.8,296.3,296.5,296.2,295.6,295.6,295.4,295.5,295.7,295.9,296.1,295.9,295.5,295.4,295.8,296.2,296.2,296.1,295.9,295.7,295.5,295.8,296.2,296.3,295.9,295.7,295.5,295.0,294.5,294.5,295.0,294.9,295.4,296.0,296.1,296.3,296.2,296.3,296.3,296.2,296.0,295.9,296.0,296.3,296.9,297.0,297.1,297.1,297.0,296.7,296.8,296.5,296.6,296.6,296.5,296.5,296.2,296.1,295.8,295.5,295.2,295.1,294.7,294.7,294.6,294.5,294.3,294.0,293.6
298.3,298.1,297.5,297.1,297.2,296.9,296.4,296.2,296.5,296.7,296.7,296.1,295.9,295.8,295.9,296.0,296.1,296.2,296.2,296.1,295.7,295.8,296.2,296.5,296.7,296.7,296.4,296.2,296.0,296.3,296.7,296.9,296.8,296.6,296.4,296.1,295.8,295.5,295.7,295.9,296.5,296.5,296.6,296.5,296.7,296.8,297.1,297.1,297.1,296.8,296.8,296.9,297.3,297.3,297.4,297.4,297.2,297.1,297.1,296.9,296.9,296.9,296.9,296.9,296.6,296.4,296.2,295.9,295.4,295.2,295.3,295.0,294.9,294.6,294.4,294.2,293.9
298.6,298.5,298.1,297.7,297.6,297.4,297.2,297.2,297.3,297.1,296.9,296.6,296.4,296.5,296.6,296.6,296.6,296.8,296.6,296.6,296.4,296.3,296.3,296.7,297.2,296.9,296.7,296.7,296.7,297.0,297.2,297.2,297.3,297.1,297.0,296.9,296.8,296.6,296.8,296.9,297.0,297.1,297.1,297.0,296.7,297.3,297.5,297.7,297.8,297.6,297.5,297.5,297.7,297.6,297.5,297.6,297.4,297.5,297.3,297.3,297.4,297.2,297.1,297.2,296.9,296.6,296.4,296.0,295.7,295.5,295.4,295.5,295.1,295.1,294.8,294.3,293.9
